150.00,150.00,-1.00,0.00
141.07,154.50,0.00,1.00
137.54,163.86,0.00,1.00
158.95,154.47,0.00,1.00
137.67,173.86,1.00,2.00
166.58,160.93,0.00,1.00
133.95,183.14,2.00,2.00
175.93,164.47,3.00,2.00
148.07,140.19,0.00,1.00
127.70,162.10,1.00,2.00
140.36,133.81,0.00,1.00
185.91,165.10,5.00,2.00
134.61,125.63,8.00,2.00
117.74,161.22,2.00,2.00
189.80,174.31,7.00,3.00
195.76,182.34,11.00,3.00
127.60,190.87,4.00,3.00
177.76,154.64,3.00,2.00
118.65,195.33,6.00,3.00
202.23,189.97,14.00,4.00
184.41,147.17,7.00,3.00
210.50,195.59,15.00,4.00
217.51,202.72,19.00,5.00
187.69,137.73,17.00,3.00
187.04,127.75,20.00,4.00
196.67,125.07,23.00,4.00
217.12,188.09,19.00,5.00
124.89,123.31,10.00,2.00
204.37,118.69,24.00,5.00
127.72,113.72,12.00,3.00
210.06,110.46,25.00,5.00
118.05,111.18,27.00,3.00
219.84,212.44,21.00,5.00
205.12,101.76,28.00,6.00
217.70,222.21,22.00,6.00
213.58,96.43,30.00,6.00
211.26,125.93,25.00,5.00
108.66,107.72,29.00,4.00
213.36,231.22,32.00,6.00
212.96,241.21,34.00,7.00
211.27,86.70,33.00,7.00
205.57,78.48,35.00,7.00
102.06,100.21,31.00,4.00
108.71,196.43,16.00,4.00
219.96,248.35,38.00,7.00
107.94,159.21,9.00,3.00
219.87,81.60,35.00,7.00
213.81,256.23,39.00,8.00
198.65,71.26,40.00,8.00
227.96,254.36,39.00,8.00
216.92,134.18,28.00,6.00
192.76,152.68,11.00,3.00
184.68,118.03,23.00,4.00
237.22,250.61,44.00,8.00
212.47,266.14,44.00,8.00
203.76,62.67,41.00,8.00
215.49,77.26,35.00,7.00
247.22,250.62,49.00,9.00
229.86,81.03,40.00,8.00
239.45,78.19,46.00,8.00
206.29,274.00,47.00,9.00
118.07,130.62,12.00,3.00
256.58,254.14,53.00,9.00
214.34,279.93,54.00,9.00
262.63,262.11,57.00,10.00
206.70,53.11,48.00,9.00
98.97,194.17,18.00,4.00
272.14,265.18,62.00,10.00
210.83,44.00,55.00,9.00
189.36,74.95,41.00,8.00
246.62,85.16,58.00,9.00
183.04,82.71,48.00,9.00
245.93,70.58,58.00,9.00
213.14,289.86,60.00,10.00
219.46,297.61,63.00,10.00
100.05,153.07,13.00,3.00
205.19,295.92,63.00,10.00
91.66,200.99,43.00,5.00
82.64,196.66,66.00,5.00
255.20,66.83,59.00,9.00
264.22,71.15,72.00,10.00
91.59,210.99,66.00,5.00
183.81,182.32,7.00,3.00
242.25,259.25,49.00,9.00
279.39,272.07,64.00,11.00
258.27,271.11,62.00,10.00
89.51,220.77,77.00,6.00
249.35,275.63,83.00,10.00
203.43,37.28,65.00,10.00
279.79,258.73,64.00,11.00
248.15,276.45,83.00,10.00
274.03,69.19,79.00,10.00
289.68,257.24,67.00,11.00
277.15,59.69,80.00,11.00
86.09,230.17,81.00,6.00
297.50,263.47,89.00,12.00
91.42,148.02,45.00,4.00
218.16,178.15,19.00,5.00
174.71,118.72,24.00,5.00
185.13,192.23,14.00,4.00
82.91,142.75,75.00,4.00
277.54,78.55,80.00,11.00
283.57,281.15,67.00,11.00
306.40,268.03,92.00,12.00
197.98,302.84,73.00,11.00
81.80,239.20,86.00,7.00
72.73,197.96,77.00,6.00
96.30,108.38,37.00,5.00
314.31,261.91,95.00,13.00
270.60,52.14,91.00,11.00
202.49,150.34,20.00,4.00
198.49,312.83,76.00,11.00
203.70,152.95,51.00,4.00
73.05,244.04,94.00,7.00
63.17,245.60,105.00,8.00
318.60,252.88,103.00,13.00
188.50,313.11,104.00,12.00
328.60,252.79,108.00,14.00
74.21,147.68,96.00,5.00
61.17,255.40,113.00,8.00
338.48,251.28,115.00,14.00
64.51,145.25,100.00,5.00
51.17,255.47,114.00,9.00
51.35,265.47,119.00,9.00
284.41,291.12,84.00,12.00
87.87,102.99,42.00,5.00
70.53,252.36,105.00,8.00
136.39,127.76,8.00,2.00
196.41,272.40,54.00,9.00
291.97,297.66,102.00,12.00
207.08,249.30,38.00,7.00
54.19,248.24,113.00,8.00
168.48,110.90,52.00,5.00
51.78,275.46,122.00,10.00
56.24,150.88,118.00,6.00
220.31,89.03,33.00,7.00
287.07,58.44,91.00,11.00
60.19,280.87,123.00,10.00
341.39,260.84,117.00,15.00
180.19,318.68,111.00,12.00
64.54,289.87,133.00,11.00
210.71,171.47,15.00,4.00
59.13,136.83,118.00,6.00
296.02,62.90,93.00,12.00
305.30,59.17,136.00,12.00
173.24,325.87,116.00,13.00
161.52,169.56,3.00,2.00
345.87,269.79,120.00,15.00
178.75,334.22,139.00,13.00
163.19,102.41,98.00,6.00
227.61,95.86,35.00,7.00
176.71,344.01,145.00,14.00
58.74,298.02,137.00,11.00
238.47,63.92,58.00,9.00
87.09,157.04,75.00,4.00
46.66,153.74,121.00,6.00
41.38,264.66,122.00,10.00
312.71,52.46,143.00,13.00
323.92,264.68,103.00,13.00
216.28,274.44,47.00,9.00
61.76,276.10,123.00,10.00
51.90,305.31,140.00,12.00
257.05,282.00,85.00,11.00
48.30,240.16,114.00,9.00
321.88,48.47,144.00,13.00
354.93,265.57,138.00,16.00
167.49,347.86,148.00,14.00
186.47,273.49,60.00,10.00
331.77,46.97,157.00,14.00
42.55,308.86,152.00,12.00
45.63,318.37,161.00,13.00
83.79,186.73,66.00,5.00
32.76,306.81,161.00,13.00
45.39,163.66,134.00,7.00
160.90,355.39,151.00,15.00
51.41,130.47,121.00,6.00
61.40,248.13,113.00,8.00
66.89,303.80,140.00,12.00
252.72,263.45,57.00,10.00
364.93,265.64,147.00,16.00
60.30,254.54,113.00,8.00
367.34,255.94,165.00,17.00
97.97,158.48,13.00,3.00
194.01,33.91,68.00,10.00
310.80,67.52,143.00,13.00
36.72,154.83,134.00,7.00
219.35,38.77,65.00,10.00
238.83,280.06,87.00,11.00
176.48,273.79,128.00,10.00
162.01,339.49,145.00,14.00
236.88,79.84,46.00,8.00
366.66,275.49,165.00,17.00
159.84,365.33,166.00,15.00
51.44,326.51,169.00,13.00
247.31,284.24,85.00,11.00
42.52,125.89,142.00,7.00
100.86,166.26,13.00,3.00
359.61,282.59,147.00,16.00
155.74,163.94,0.00,1.00
317.52,74.92,144.00,13.00
133.55,198.91,6.00,3.00
167.76,278.69,167.00,11.00
300.90,293.16,124.00,13.00
295.68,52.91,93.00,12.00
79.96,109.12,107.00,6.00
49.38,336.30,170.00,14.00
81.31,206.57,77.00,6.00
273.29,42.50,93.00,12.00
27.77,150.36,155.00,7.00
157.76,278.74,188.00,11.00
57.41,160.81,121.00,6.00
32.09,268.34,123.00,10.00
287.52,79.30,91.00,11.00
44.52,230.90,131.00,9.00
44.55,345.05,193.00,14.00
167.35,371.94,174.00,16.00
271.12,277.70,64.00,11.00
147.93,159.78,0.00,1.00
26.78,314.82,169.00,13.00
153.74,333.87,166.00,15.00
84.38,132.86,96.00,5.00
193.96,23.91,88.00,11.00
178.69,199.88,82.00,4.00
244.82,293.93,87.00,11.00
158.06,139.97,0.00,1.00
176.85,375.06,192.00,16.00
34.82,228.49,163.00,10.00
320.82,84.36,184.00,14.00
117.72,113.66,27.00,3.00
26.57,234.14,213.00,10.00
184.81,19.89,183.00,11.00
23.44,159.37,185.00,8.00
160.15,288.45,201.00,12.00
228.69,35.19,68.00,10.00
33.55,121.47,175.00,7.00
131.64,104.52,27.00,3.00
318.92,94.18,199.00,14.00
341.77,46.83,164.00,14.00
346.91,55.41,168.00,15.00
186.19,371.50,215.00,17.00
53.66,349.18,205.00,15.00
254.32,76.02,59.00,9.00
246.69,95.16,150.00,8.00
76.40,300.69,140.00,12.00
320.62,69.41,144.00,13.00
32.76,322.83,169.00,13.00
342.14,49.86,168.00,15.00
189.33,303.15,76.00,11.00
76.76,290.70,137.00,11.00
349.87,40.97,168.00,15.00
259.67,281.01,64.00,11.00
85.33,285.53,248.00,12.00
151.43,324.14,189.00,15.00
87.51,247.40,94.00,7.00
352.78,63.50,237.00,15.00
17.51,311.07,172.00,14.00
18.66,146.22,185.00,8.00
169.77,163.90,3.00,2.00
36.20,218.58,213.00,10.00
215.87,221.54,22.00,6.00
22.75,169.34,208.00,8.00
106.61,174.44,13.00,3.00
34.97,226.33,163.00,10.00
357.26,292.31,197.00,17.00
254.21,297.36,162.00,12.00
348.46,297.06,197.00,17.00
366.85,245.95,179.00,17.00
185.10,38.45,88.00,11.00
22.22,266.68,156.00,11.00
317.11,39.68,157.00,14.00
35.93,154.26,155.00,7.00
19.59,136.27,208.00,8.00
38.29,352.86,205.00,15.00
267.69,34.22,109.00,12.00
365.66,254.99,165.00,17.00
177.54,13.02,221.00,12.00
97.04,156.78,45.00,4.00
13.54,320.24,218.00,14.00
60.39,251.59,113.00,8.00
194.60,376.92,225.00,17.00
188.91,90.80,33.00,7.00
138.16,190.03,4.00,3.00
237.97,38.91,186.00,11.00
366.91,294.95,197.00,17.00
66.47,190.17,78.00,6.00
204.30,379.35,239.00,18.00
308.15,254.04,92.00,12.00
214.30,379.14,279.00,18.00
219.53,113.67,28.00,6.00
221.37,287.04,60.00,10.00
99.25,218.51,77.00,6.00
199.92,385.38,239.00,18.00
310.55,295.78,129.00,13.00
361.97,67.45,238.00,16.00
223.56,375.38,285.00,19.00
232.06,370.12,287.00,19.00
202.21,199.97,15.00,4.00
179.33,353.66,148.00,14.00
371.24,71.19,254.00,16.00
242.01,371.16,294.00,20.00
260.62,27.14,207.00,13.00
257.69,17.58,273.00,13.00
379.28,65.24,293.00,17.00
247.80,19.04,300.00,14.00
67.92,262.78,113.00,8.00
132.98,126.38,10.00,2.00
266.95,62.13,79.00,10.00
195.03,206.93,19.00,5.00
9.59,136.00,256.00,9.00
338.68,294.97,263.00,18.00
356.75,255.73,120.00,15.00
296.99,289.01,102.00,12.00
369.44,236.29,181.00,18.00
365.42,304.84,263.00,18.00
13.40,165.82,231.00,9.00
358.58,36.05,237.00,15.00
75.01,100.43,125.00,6.00
44.49,230.92,131.00,9.00
44.28,246.89,114.00,9.00
230.18,275.04,54.00,9.00
251.96,370.20,295.00,20.00
375.34,306.07,283.00,18.00
236.59,73.64,46.00,8.00
383.31,74.40,298.00,17.00
147.47,126.77,8.00,2.00
18.49,308.47,172.00,14.00
261.43,366.99,299.00,21.00
6.58,173.14,260.00,9.00
168.69,316.97,139.00,13.00
184.10,202.18,82.00,4.00
308.94,94.82,227.00,15.00
228.70,35.22,68.00,10.00
374.08,315.99,313.00,19.00
346.06,31.72,237.00,15.00
197.58,252.41,39.00,8.00
63.22,352.08,214.00,15.00
316.07,84.82,184.00,14.00
224.12,26.29,186.00,11.00
267.18,14.43,273.00,13.00
371.70,325.71,321.00,19.00
148.07,191.39,6.00,3.00
20.24,256.87,211.00,11.00
7.73,308.99,218.00,14.00
302.12,87.51,212.00,12.00
268.25,13.07,300.00,14.00
377.32,255.26,179.00,17.00
117.48,185.40,6.00,3.00
356.06,31.70,249.00,16.00
59.52,361.37,240.00,16.00
122.15,152.25,1.00,2.00
320.83,30.39,164.00,14.00
328.58,96.78,227.00,15.00
338.40,98.65,236.00,15.00
72.25,347.78,240.00,16.00
365.75,333.74,332.00,20.00
30.41,111.97,195.00,8.00
72.89,137.76,100.00,5.00
358.32,245.86,310.00,16.00
219.31,366.33,285.00,19.00
204.51,294.91,63.00,10.00
371.07,342.20,339.00,20.00
355.82,334.98,339.00,20.00
58.67,149.76,118.00,6.00
383.69,300.56,283.00,18.00
278.24,12.68,338.00,14.00
50.21,285.34,123.00,10.00
153.96,269.49,201.00,12.00
367.70,351.62,354.00,21.00
8.10,307.68,218.00,14.00
179.51,3.21,230.00,12.00
90.93,167.45,45.00,4.00
63.99,370.32,335.00,16.00
198.19,94.56,30.00,6.00
271.37,365.91,320.00,21.00
307.60,84.91,343.00,13.00
215.02,389.12,285.00,19.00
350.88,257.71,120.00,15.00
81.55,309.26,248.00,12.00
145.61,141.01,0.00,1.00
18.63,228.07,226.00,11.00
150.02,363.45,174.00,16.00
73.44,373.60,348.00,17.00
51.23,346.12,193.00,14.00
367.44,226.49,266.00,18.00
89.52,257.20,105.00,8.00
229.51,251.32,39.00,8.00
169.72,6.79,230.00,12.00
345.65,55.85,168.00,15.00
106.82,117.55,27.00,3.00
381.81,246.32,181.00,18.00
328.71,295.69,292.00,14.00
63.68,202.21,78.00,6.00
28.41,102.17,234.00,8.00
365.87,216.62,312.00,19.00
312.81,24.42,269.00,15.00
252.13,9.28,300.00,14.00
272.11,375.88,326.00,22.00
200.47,282.14,54.00,9.00
89.39,315.47,243.00,13.00
95.25,323.58,377.00,13.00
181.26,297.24,104.00,12.00
159.72,6.45,275.00,13.00
187.90,249.88,130.00,8.00
161.55,153.45,0.00,1.00
20.58,113.78,234.00,8.00
235.80,360.84,294.00,20.00
168.33,369.83,297.00,15.00
150.35,201.13,200.00,4.00
31.48,360.18,214.00,15.00
361.58,207.59,383.00,19.00
223.86,16.29,233.00,11.00
380.31,346.04,354.00,21.00
389.89,240.43,345.00,18.00
235.97,28.34,186.00,11.00
165.09,121.47,224.00,2.00
203.45,30.62,68.00,10.00
282.08,375.21,373.00,22.00
234.67,89.59,46.00,8.00
348.33,99.85,351.00,16.00
95.21,287.02,248.00,12.00
346.11,90.10,351.00,16.00
76.95,179.43,370.00,5.00
357.83,229.25,357.00,17.00
26.82,369.03,272.00,16.00
23.76,247.51,229.00,11.00
197.96,383.92,239.00,18.00
137.42,111.31,12.00,3.00
200.61,197.05,15.00,4.00
159.70,365.50,166.00,15.00
192.95,157.99,7.00,3.00
375.71,218.45,312.00,19.00
357.99,102.44,352.00,16.00
375.04,289.14,197.00,17.00
50.10,315.15,152.00,12.00
188.92,64.96,48.00,9.00
186.56,345.73,148.00,14.00
85.89,327.12,377.00,13.00
291.86,373.09,396.00,23.00
336.85,97.05,236.00,15.00
197.49,14.56,183.00,11.00
297.96,53.90,136.00,12.00
27.80,213.16,226.00,11.00
68.94,358.02,240.00,16.00
75.89,327.20,377.00,13.00
99.70,228.50,81.00,6.00
268.44,356.35,326.00,22.00
369.66,361.42,360.00,21.00
362.02,23.67,315.00,16.00
152.96,210.79,340.00,4.00
83.31,375.16,371.00,17.00
390.69,293.43,432.00,18.00
194.83,278.99,60.00,10.00
378.77,265.16,179.00,17.00
387.57,83.44,302.00,18.00
208.18,94.24,30.00,6.00
359.90,197.73,393.00,20.00
369.13,295.87,197.00,17.00
321.51,254.98,103.00,13.00
276.58,88.51,91.00,11.00
303.05,26.59,269.00,15.00
276.91,351.03,373.00,22.00
150.74,10.85,386.00,13.00
192.32,6.00,221.00,12.00
254.06,272.46,62.00,10.00
63.00,169.10,421.00,6.00
313.92,14.48,350.00,15.00
201.11,110.93,25.00,5.00
383.04,211.65,393.00,20.00
246.13,28.90,233.00,11.00
148.43,373.32,192.00,16.00
96.91,118.36,388.00,4.00
24.59,378.77,408.00,16.00
87.16,120.57,388.00,4.00
314.74,259.85,95.00,13.00
37.06,107.18,195.00,8.00
225.41,72.07,46.00,8.00
250.52,37.88,282.00,12.00
181.62,307.23,104.00,12.00
142.56,16.60,401.00,14.00
347.40,32.48,237.00,15.00
298.87,380.23,416.00,23.00
80.07,384.62,381.00,18.00
132.56,16.66,461.00,14.00
158.83,318.64,145.00,14.00
91.93,370.08,381.00,18.00
150.59,291.39,209.00,12.00
122.60,17.56,478.00,15.00
391.85,92.48,453.00,19.00
358.08,112.44,418.00,17.00
381.41,266.05,179.00,17.00
81.77,118.95,470.00,5.00
4.79,182.98,314.00,10.00
241.85,374.13,294.00,20.00
286.88,350.35,445.00,23.00
364.89,332.04,332.00,20.00
313.99,62.38,143.00,13.00
217.05,275.62,47.00,9.00
152.09,382.63,192.00,16.00
35.61,165.74,155.00,7.00
14.18,272.61,211.00,11.00
12.89,188.84,327.00,10.00
21.11,388.15,423.00,17.00
34.00,226.19,163.00,10.00
385.80,231.30,312.00,19.00
357.51,188.02,409.00,20.00
160.89,159.58,0.00,1.00
368.07,112.84,431.00,17.00
11.43,252.15,268.00,12.00
17.24,258.01,211.00,11.00
168.78,381.83,192.00,16.00
241.58,80.35,58.00,9.00
167.05,135.59,8.00,2.00
157.74,110.79,324.00,3.00
350.00,118.33,418.00,17.00
77.56,224.95,81.00,6.00
192.05,392.00,279.00,18.00
172.51,146.12,3.00,2.00
171.52,154.28,3.00,2.00
232.31,351.47,295.00,20.00
132.01,158.73,0.00,1.00
379.92,202.15,409.00,20.00
178.38,246.83,334.00,9.00
309.93,32.71,157.00,14.00
36.02,131.16,175.00,7.00
188.73,251.66,130.00,8.00
245.81,57.13,322.00,9.00
172.73,391.02,215.00,17.00
210.32,110.31,28.00,6.00
8.75,229.60,229.00,11.00
307.75,43.18,144.00,13.00
372.97,121.56,488.00,18.00
361.60,208.69,383.00,19.00
89.07,121.05,388.00,4.00
186.79,123.53,23.00,4.00
166.14,307.30,139.00,13.00
352.09,179.61,455.00,21.00
170.09,289.57,188.00,11.00
296.32,33.98,203.00,13.00
32.63,296.81,169.00,13.00
339.28,261.24,158.00,14.00
138.57,188.27,4.00,3.00
37.76,166.12,155.00,7.00
75.34,137.25,96.00,5.00
363.66,94.20,418.00,17.00
65.59,130.93,118.00,6.00
26.50,203.24,258.00,11.00
382.36,321.60,321.00,19.00
178.49,365.12,297.00,15.00
70.80,188.15,78.00,6.00
184.90,280.16,128.00,10.00
100.46,375.30,449.00,18.00
115.60,122.33,12.00,3.00
11.75,109.09,355.00,9.00
109.79,378.88,484.00,19.00
351.59,207.24,393.00,20.00
280.76,97.59,101.00,12.00
369.79,196.30,409.00,20.00
38.00,331.35,170.00,14.00
30.68,113.05,195.00,8.00
153.62,259.49,209.00,12.00
200.99,173.84,11.00,3.00
60.34,379.63,348.00,17.00
112.74,15.92,482.00,15.00
358.88,172.27,504.00,21.00
302.75,76.17,212.00,12.00
44.58,173.43,155.00,7.00
349.81,64.98,237.00,15.00
391.23,217.39,430.00,20.00
103.59,19.95,486.00,16.00
381.28,240.22,266.00,18.00
368.53,371.36,367.00,22.00
361.41,57.46,238.00,16.00
352.69,127.97,488.00,18.00
366.59,165.91,535.00,22.00
360.18,158.23,563.00,22.00
170.20,266.00,167.00,11.00
103.77,187.74,18.00,4.00
319.87,299.39,202.00,14.00
188.56,332.31,116.00,13.00
364.50,305.16,263.00,18.00
147.29,112.94,12.00,3.00
84.50,129.83,96.00,5.00
23.13,354.67,272.00,16.00
102.52,167.38,13.00,3.00
63.43,351.30,214.00,15.00
78.74,180.68,370.00,5.00
74.73,126.87,100.00,5.00
385.81,284.70,432.00,18.00
81.57,344.16,436.00,14.00
18.88,298.48,172.00,14.00
28.26,224.67,213.00,10.00
206.83,102.72,28.00,6.00
386.17,354.15,360.00,21.00
45.76,112.11,175.00,7.00
117.83,140.62,27.00,3.00
210.27,23.30,88.00,11.00
36.49,203.63,258.00,11.00
385.04,289.42,283.00,18.00
193.36,179.34,11.00,3.00
370.86,225.29,422.00,18.00
261.53,47.92,79.00,10.00
202.82,47.26,55.00,9.00
338.55,298.35,390.00,15.00
187.64,137.71,17.00,3.00
177.15,236.90,402.00,9.00
150.75,249.92,366.00,13.00
330.06,72.69,184.00,14.00
102.38,164.12,13.00,3.00
50.00,222.54,163.00,10.00
82.00,368.90,371.00,17.00
243.36,4.45,301.00,14.00
380.61,221.35,312.00,19.00
150.15,3.57,386.00,13.00
93.73,360.24,449.00,18.00
233.89,55.03,322.00,9.00
7.39,219.69,379.00,12.00
368.53,256.31,310.00,16.00
88.79,157.68,45.00,4.00
381.86,55.58,298.00,17.00
160.26,202.51,340.00,4.00
131.06,136.22,8.00,2.00
362.73,196.55,409.00,20.00
185.93,232.12,402.00,9.00
158.71,367.11,174.00,16.00
48.39,265.89,119.00,9.00
196.30,181.50,11.00,3.00
260.02,41.03,600.00,11.00
351.18,208.01,393.00,20.00
375.75,161.89,563.00,22.00
339.72,23.98,350.00,15.00
92.81,333.28,398.00,14.00
225.29,69.89,46.00,8.00
45.25,297.85,365.00,11.00
165.52,111.77,414.00,3.00
69.73,218.74,86.00,7.00
96.46,128.35,388.00,4.00
90.36,267.16,253.00,8.00
279.33,262.07,64.00,11.00
256.95,27.55,468.00,12.00
139.33,377.47,380.00,17.00
134.86,122.55,10.00,2.00
65.19,147.42,100.00,5.00
111.18,388.78,550.00,19.00
287.01,7.89,344.00,15.00
50.55,287.95,133.00,11.00
152.36,209.58,340.00,4.00
198.07,12.32,415.00,11.00
305.58,8.97,394.00,16.00
-2.53,218.42,528.00,12.00
215.28,162.58,560.00,4.00
46.46,157.09,134.00,7.00
34.21,271.63,123.00,10.00
64.74,276.38,304.00,9.00
264.11,295.99,162.00,12.00
356.21,303.38,602.00,16.00
43.57,102.35,593.00,8.00
294.33,389.14,416.00,23.00
196.82,84.68,33.00,7.00
141.98,199.28,6.00,3.00
384.60,157.24,573.00,23.00
378.90,88.42,298.00,17.00
54.37,373.05,348.00,17.00
181.47,258.54,334.00,9.00
21.84,266.89,156.00,11.00
297.38,43.93,136.00,12.00
262.75,81.40,70.00,10.00
92.76,296.72,248.00,12.00
397.24,300.98,363.00,19.00
356.26,219.37,422.00,18.00
358.32,348.14,354.00,21.00
244.89,293.95,87.00,11.00
287.42,57.79,91.00,11.00
297.07,64.86,136.00,12.00
160.13,246.45,521.00,10.00
353.51,22.03,249.00,16.00
156.06,237.31,673.00,11.00
195.23,180.55,11.00,3.00
371.89,22.09,315.00,16.00
168.96,176.24,5.00,2.00
108.47,184.27,18.00,4.00
89.99,104.53,37.00,5.00
257.06,357.99,320.00,21.00
351.59,179.73,455.00,21.00
387.65,291.38,432.00,18.00
358.41,274.94,147.00,16.00
211.85,279.94,54.00,9.00
226.94,6.78,337.00,12.00
205.31,180.45,14.00,4.00
388.34,355.86,411.00,22.00
280.95,98.33,458.00,12.00
46.99,106.01,593.00,8.00
